{"roll": 0.0, "pitch": 0.0, "yaw": 0.0, "antennas": [0.0, 0.0], "left_joystick_active": false, "right_joystick_active": false, "robot_head_pose": [[0.999999999160554, 5.403910766678041e-06, -4.06163824931617e-05, 1.2038236248158862e-06], [-5.4115964849432715e-06, 0.9999999820814892, -0.00018922932276933913, 4.398382591214861e-06], [4.061535918700191e-05, 0.000189229542409964, 0.9999999812712866, -9.690734277692514e-05], [0.0, 0.0, 0.0, 1.0]], "body_yaw": -5.748846443278573e-06, "timestamp": 1773195418.442283}
{"roll": 0.0, "pitch": 0.0, "yaw": 0.0, "antennas": [0.0, 0.0], "left_joystick_active": false, "right_joystick_active": false, "robot_head_pose": [[0.999999999160554, 5.403910766678041e-06, -4.06163824931617e-05, 1.2038236248158862e-06], [-5.4115964849432715e-06, 0.9999999820814892, -0.00018922932276933913, 4.398382591214861e-06], [4.061535918700191e-05, 0.000189229542409964, 0.9999999812712866, -9.690734277692514e-05], [0.0, 0.0, 0.0, 1.0]], "body_yaw": -5.748846443278573e-06, "timestamp": 1773195418.4552162}
{"roll": 0.0, "pitch": 0.0, "yaw": 0.0, "antennas": [0.0, 0.0], "left_joystick_active": false, "right_joystick_active": false, "robot_head_pose": [[0.9999999992080747, 5.348804926098759e-06, -3.943654198381413e-05, 1.1493293133844895e-06], [-5.35629302255417e-06, 0.9999999819585531, -0.00018987944523334257, 4.431093234499167e-06], [3.943552564420982e-05, 0.0001898796563166469, 0.9999999811952777, -9.691161031413764e-05], [0.0, 0.0, 0.0, 1.0]], "body_yaw": -5.709591101625188e-06, "timestamp": 1773195418.473366}
{"roll": 0.0, "pitch": 0.0, "yaw": 0.0, "antennas": [0.0, 0.0], "left_joystick_active": false, "right_joystick_active": false, "robot_head_pose": [[0.999999999295255, 5.237609940692653e-06, -3.717605491229267e-05, 1.0449424342195979e-06], [-5.244715430089631e-06, 0.9999999817202813, -0.00019113328349635846, 4.494219444487607e-06], [3.717505315113916e-05, 0.0001911334783394869, 0.999999981043005, -9.691980025294811e-05], [0.0, 0.0, 0.0, 1.0]], "body_yaw": -5.663103534836442e-06, "timestamp": 1773195418.5205262}
{"roll": 0.0, "pitch": 0.0, "yaw": 0.0, "antennas": [0.0, 0.0], "left_joystick_active": false, "right_joystick_active": false, "robot_head_pose": [[0.9999999993352067, 5.181531627577443e-06, -3.609347502316506e-05, 9.94961095429625e-07], [-5.188452012214799e-06, 0.9999999816048855, -0.00019173760627191273, 4.52465810955871e-06], [3.609248086475034e-05, 0.0001917377934137099, 0.999999980966976, -9.692372915434677e-05], [0.0, 0.0, 0.0, 1.0]], "body_yaw": -5.615638382914547e-06, "timestamp": 1773195418.542411}
{"roll": 0.0, "pitch": 0.0, "yaw": 0.0, "antennas": [0.0, 0.0], "left_joystick_active": false, "right_joystick_active": false, "robot_head_pose": [[0.9999999993352067, 5.181531627577443e-06, -3.609347502316506e-05, 9.94961095429625e-07], [-5.188452012214799e-06, 0.9999999816048855, -0.00019173760627191273, 4.52465810955871e-06], [3.609248086475034e-05, 0.0001917377934137099, 0.999999980966976, -9.692372915434677e-05], [0.0, 0.0, 0.0, 1.0]], "body_yaw": -5.615638382914547e-06, "timestamp": 1773195418.5524049}
{"roll": 0.0, "pitch": 0.0, "yaw": 0.0, "antennas": [0.0, 0.0], "left_joystick_active": false, "right_joystick_active": false, "robot_head_pose": [[0.9999999993729142, 5.125149617675251e-06, -3.5041478507894114e-05, 9.463977065984897e-07], [-5.131888959730405e-06, 0.9999999814919328, -0.00019232732123776228, 4.554369315620116e-06], [3.5040492153047153e-05, 0.00019232750094613318, 0.9999999808911483, -9.692755111201379e-05], [0.0, 0.0, 0.0, 1.0]], "body_yaw": -5.567263440913442e-06, "timestamp": 1773195418.5687318}
{"roll": 0.0, "pitch": 0.0, "yaw": 0.0, "antennas": [0.0, 0.0], "left_joystick_active": false, "right_joystick_active": false, "robot_head_pose": [[0.9999999993729142, 5.125149617675251e-06, -3.5041478507894114e-05, 9.463977065984897e-07], [-5.131888959730405e-06, 0.9999999814919328, -0.00019232732123776228, 4.554369315620116e-06], [3.5040492153047153e-05, 0.00019232750094613318, 0.9999999808911483, -9.692755111201379e-05], [0.0, 0.0, 0.0, 1.0]], "body_yaw": -5.567263440913442e-06, "timestamp": 1773195418.583932}
{"roll": 0.0, "pitch": 0.0, "yaw": 0.0, "antennas": [0.0, 0.0], "left_joystick_active": false, "right_joystick_active": false, "robot_head_pose": [[0.9999999994420845, 5.012152960275093e-06, -3.302587294935244e-05, 8.533694865718588e-07], [-5.018542204388842e-06, 0.9999999812731433, -0.00019346453568377923, 4.61170104930006e-06], [3.3024902657036425e-05, 0.00019346470131757968, 0.9999999807403819, -9.693488622011803e-05], [0.0, 0.0, 0.0, 1.0]], "body_yaw": -5.51239131753676e-06, "timestamp": 1773195418.599778}
{"roll": 0.0, "pitch": 0.0, "yaw": 0.0, "antennas": [0.0, 0.0], "left_joystick_active": false, "right_joystick_active": false, "robot_head_pose": [[0.9999999994420845, 5.012152960275093e-06, -3.302587294935244e-05, 8.533694865718588e-07], [-5.018542204388842e-06, 0.9999999812731433, -0.00019346453568377923, 4.61170104930006e-06], [3.3024902657036425e-05, 0.00019346470131757968, 0.9999999807403819, -9.693488622011803e-05], [0.0, 0.0, 0.0, 1.0]], "body_yaw": -5.51239131753676e-06, "timestamp": 1773195418.615732}
{"roll": 0.0, "pitch": 0.0, "yaw": 0.0, "antennas": [0.0, 0.0], "left_joystick_active": false, "right_joystick_active": false, "robot_head_pose": [[0.9999999994420845, 5.012152960275093e-06, -3.302587294935244e-05, 8.533694865718588e-07], [-5.018542204388842e-06, 0.9999999812731433, -0.00019346453568377923, 4.61170104930006e-06], [3.3024902657036425e-05, 0.00019346470131757968, 0.9999999807403819, -9.693488622011803e-05], [0.0, 0.0, 0.0, 1.0]], "body_yaw": -5.51239131753676e-06, "timestamp": 1773195418.633237}
{"roll": 0.0, "pitch": 0.0, "yaw": 0.0, "antennas": [0.0, 0.0], "left_joystick_active": false, "right_joystick_active": false, "robot_head_pose": [[0.9999999994737855, 4.955473392878953e-06, -3.20605173372054e-05, 8.088248064086478e-07], [-4.961693444627643e-06, 0.9999999811672596, -0.00019401254189061376, 4.639337761926793e-06], [3.20595553094287e-05, 0.0001940127008629798, 0.9999999806656305, -9.693840522645436e-05], [0.0, 0.0, 0.0, 1.0]], "body_yaw": -5.4573215305028684e-06, "timestamp": 1773195418.6508942}
{"roll": 0.0, "pitch": 0.0, "yaw": 0.0, "antennas": [0.0, 0.0], "left_joystick_active": false, "right_joystick_active": false, "robot_head_pose": [[0.9999999994737855, 4.955473392878953e-06, -3.20605173372054e-05, 8.088248064086478e-07], [-4.961693444627643e-06, 0.9999999811672596, -0.00019401254189061376, 4.639337761926793e-06], [3.20595553094287e-05, 0.0001940127008629798, 0.9999999806656305, -9.693840522645436e-05], [0.0, 0.0, 0.0, 1.0]], "body_yaw": -5.4573215305028684e-06, "timestamp": 1773195418.667371}
{"roll": 0.0, "pitch": 0.0, "yaw": 0.0, "antennas": [0.0, 0.0], "left_joystick_active": false, "right_joystick_active": false, "robot_head_pose": [[0.9999999995319321, 4.841939583808743e-06, -3.0210788644912966e-05, 7.234881460455034e-07], [-4.847832682501263e-06, 0.99999998096229, -0.00019506900902562383, 4.6926390495014014e-06], [3.0209843557412356e-05, 0.00019506915539116684, 0.9999999805176948, -9.694515876310095e-05], [0.0, 0.0, 0.0, 1.0]], "body_yaw": -5.396372645925822e-06, "timestamp": 1773195418.683368}
{"roll": 0.0, "pitch": 0.0, "yaw": 0.0, "antennas": [0.0, 0.0], "left_joystick_active": false, "right_joystick_active": false, "robot_head_pose": [[0.9999999995319321, 4.841939583808743e-06, -3.0210788644912966e-05, 7.234881460455034e-07], [-4.847832682501263e-06, 0.99999998096229, -0.00019506900902562383, 4.6926390495014014e-06], [3.0209843557412356e-05, 0.00019506915539116684, 0.9999999805176948, -9.694515876310095e-05], [0.0, 0.0, 0.0, 1.0]], "body_yaw": -5.396372645925822e-06, "timestamp": 1773195418.701746}
{"roll": 0.0, "pitch": 0.0, "yaw": 0.0, "antennas": [0.0, 0.0], "left_joystick_active": false, "right_joystick_active": false, "robot_head_pose": [[0.9999999995585779, 4.785185107637376e-06, -2.9324842426999296e-05, 6.826250395705613e-07], [-4.7909203131626155e-06, 0.99999998086314, -0.00019557803245203432, 4.718327849987519e-06], [2.9323905988725617e-05, 0.0001955781728586851, 0.9999999804446434, -9.694839888169104e-05], [0.0, 0.0, 0.0, 1.0]], "body_yaw": -5.335827412857317e-06, "timestamp": 1773195418.717107}
{"roll": 0.0, "pitch": 0.0, "yaw": 0.0, "antennas": [0.0, 0.0], "left_joystick_active": false, "right_joystick_active": false, "robot_head_pose": [[0.9999999995585779, 4.785185107637376e-06, -2.9324842426999296e-05, 6.826250395705613e-07], [-4.7909203131626155e-06, 0.99999998086314, -0.00019557803245203432, 4.718327849987519e-06], [2.9323905988725617e-05, 0.0001955781728586851, 0.9999999804446434, -9.694839888169104e-05], [0.0, 0.0, 0.0, 1.0]], "body_yaw": -5.335827412857317e-06, "timestamp": 1773195418.7332962}
{"roll": 0.0, "pitch": 0.0, "yaw": 0.0, "antennas": [0.0, 0.0], "left_joystick_active": false, "right_joystick_active": false, "robot_head_pose": [[0.9999999995837257, 4.7284219376009646e-06, -2.8463876959093307e-05, 6.429188373832662e-07], [-4.734002893054116e-06, 0.9999999807661628, -0.00019607464001568955, 4.743394837448955e-06], [2.8462949287994454e-05, 0.0001960747746821444, 0.9999999803722721, -9.695155085515106e-05], [0.0, 0.0, 0.0, 1.0]], "body_yaw": -5.2756449610705255e-06, "timestamp": 1773195418.751821}
{"roll": 0.0, "pitch": 0.0, "yaw": 0.0, "antennas": [0.0, 0.0], "left_joystick_active": false, "right_joystick_active": false, "robot_head_pose": [[0.9999999995837257, 4.7284219376009646e-06, -2.8463876959093307e-05, 6.429188373832662e-07], [-4.734002893054116e-06, 0.9999999807661628, -0.00019607464001568955, 4.743394837448955e-06], [2.8462949287994454e-05, 0.0001960747746821444, 0.9999999803722721, -9.695155085515106e-05], [0.0, 0.0, 0.0, 1.0]], "body_yaw": -5.2756449610705255e-06, "timestamp": 1773195418.768963}
{"roll": 0.0, "pitch": 0.0, "yaw": 0.0, "antennas": [0.0, 0.0], "left_joystick_active": false, "right_joystick_active": false, "robot_head_pose": [[0.9999999996298485, 4.6156391175039565e-06, -2.6814194936169885e-05, 5.668535523473128e-07], [-4.620922287004534e-06, 0.9999999805784983, -0.00019703211099036467, 4.7917550957468635e-06], [2.6813284986279024e-05, 0.0001970322348237437, 0.9999999802296742, -9.6957600459191e-05], [0.0, 0.0, 0.0, 1.0]], "body_yaw": -5.210172693831682e-06, "timestamp": 1773195418.7862542}
{"roll": 0.0, "pitch": 0.0, "yaw": 0.0, "antennas": [0.0, 0.0], "left_joystick_active": false, "right_joystick_active": false, "robot_head_pose": [[0.9999999996298485, 4.6156391175039565e-06, -2.6814194936169885e-05, 5.668535523473128e-07], [-4.620922287004534e-06, 0.9999999805784983, -0.00019703211099036467, 4.7917550957468635e-06], [2.6813284986279024e-05, 0.0001970322348237437, 0.9999999802296742, -9.6957600459191e-05], [0.0, 0.0, 0.0, 1.0]], "body_yaw": -5.210172693831682e-06, "timestamp": 1773195418.799545}
{"roll": 0.0, "pitch": 0.0, "yaw": 0.0, "antennas": [0.0, 0.0], "left_joystick_active": false, "right_joystick_active": false, "robot_head_pose": [[0.9999999996298485, 4.6156391175039565e-06, -2.6814194936169885e-05, 5.668535523473128e-07], [-4.620922287004534e-06, 0.9999999805784983, -0.00019703211099036467, 4.7917550957468635e-06], [2.6813284986279024e-05, 0.0001970322348237437, 0.9999999802296742, -9.6957600459191e-05], [0.0, 0.0, 0.0, 1.0]], "body_yaw": -5.210172693831682e-06, "timestamp": 1773195418.815692}
{"roll": 0.0, "pitch": 0.0, "yaw": 0.0, "antennas": [0.0, 0.0], "left_joystick_active": false, "right_joystick_active": false, "robot_head_pose": [[0.999999999650982, 4.559485071749814e-06, -2.6024020968004294e-05, 5.304284535767589e-07], [-4.5646245555418424e-06, 0.999999980487771, -0.0001974933531958308, 4.815056616352259e-06], [2.6023119992221937e-05, 0.00019749347191678693, 0.9999999801595639, -9.696050300023185e-05], [0.0, 0.0, 0.0, 1.0]], "body_yaw": -5.1456178801588415e-06, "timestamp": 1773195418.832365}
{"roll": 0.0, "pitch": 0.0, "yaw": 0.0, "antennas": [0.0, 0.0], "left_joystick_active": false, "right_joystick_active": false, "robot_head_pose": [[0.999999999650982, 4.559485071749814e-06, -2.6024020968004294e-05, 5.304284535767589e-07], [-4.5646245555418424e-06, 0.999999980487771, -0.0001974933531958308, 4.815056616352259e-06], [2.6023119992221937e-05, 0.00019749347191678693, 0.9999999801595639, -9.696050300023185e-05], [0.0, 0.0, 0.0, 1.0]], "body_yaw": -5.1456178801588415e-06, "timestamp": 1773195418.848385}
{"roll": 0.0, "pitch": 0.0, "yaw": 0.0, "antennas": [0.0, 0.0], "left_joystick_active": false, "right_joystick_active": false, "robot_head_pose": [[0.9999999996897436, 4.447743894024134e-06, -2.4509844564982276e-05, 4.606412960794781e-07], [-4.4526061269220055e-06, 0.9999999803123217, -0.00019838228958498646, 4.85997933815166e-06], [2.4508961728823132e-05, 0.00019838239865612096, 0.9999999800218683, -9.696607360479281e-05], [0.0, 0.0, 0.0, 1.0]], "body_yaw": -5.0763167049703606e-06, "timestamp": 1773195418.8678029}
{"roll": 0.0, "pitch": 0.0, "yaw": 0.0, "antennas": [0.0, 0.0], "left_joystick_active": false, "right_joystick_active": false, "robot_head_pose": [[0.9999999996897436, 4.447743894024134e-06, -2.4509844564982276e-05, 4.606412960794781e-07], [-4.4526061269220055e-06, 0.9999999803123217, -0.00019838228958498646, 4.85997933815166e-06], [2.4508961728823132e-05, 0.00019838239865612096, 0.9999999800218683, -9.696607360479281e-05], [0.0, 0.0, 0.0, 1.0]], "body_yaw": -5.0763167049703606e-06, "timestamp": 1773195418.883521}
{"roll": 0.0, "pitch": 0.0, "yaw": 0.0, "antennas": [0.0, 0.0], "left_joystick_active": false, "right_joystick_active": false, "robot_head_pose": [[0.9999999997075003, 4.392240238874716e-06, -2.3784545325580273e-05, 4.2722137095704826e-07], [-4.3969687696085696e-06, 0.9999999802275331, -0.00019881045563147434, 4.881620328058001e-06], [2.378367163201804e-05, 0.00019881056015322562, 0.9999999799543474, -9.69687464154323e-05], [0.0, 0.0, 0.0, 1.0]], "body_yaw": -5.008381911559959e-06, "timestamp": 1773195418.900061}
{"roll": 0.0, "pitch": 0.0, "yaw": 0.0, "antennas": [0.0, 0.0], "left_joystick_active": false, "right_joystick_active": false, "robot_head_pose": [[0.9999999997075003, 4.392240238874716e-06, -2.3784545325580273e-05, 4.2722137095704826e-07], [-4.3969687696085696e-06, 0.9999999802275331, -0.00019881045563147434, 4.881620328058001e-06], [2.378367163201804e-05, 0.00019881056015322562, 0.9999999799543474, -9.69687464154323e-05], [0.0, 0.0, 0.0, 1.0]], "body_yaw": -5.008381911559959e-06, "timestamp": 1773195418.916266}
{"roll": 0.0, "pitch": 0.0, "yaw": 0.0, "antennas": [0.0, 0.0], "left_joystick_active": false, "right_joystick_active": false, "robot_head_pose": [[0.9999999997242589, 4.3369340424339015e-06, -2.307965715488731e-05, 3.9474559672750265e-07], [-4.341532073420028e-06, 0.9999999801446592, -0.0001992280851242452, 4.9027310383593925e-06], [2.3078792657568297e-05, 0.00019922818527038185, 0.9999999798877482, -9.697134654015893e-05], [0.0, 0.0, 0.0, 1.0]], "body_yaw": -4.941696927862952e-06, "timestamp": 1773195418.936217}
{"roll": 0.0, "pitch": 0.0, "yaw": 0.0, "antennas": [0.0, 0.0], "left_joystick_active": false, "right_joystick_active": false, "robot_head_pose": [[0.9999999997242589, 4.3369340424339015e-06, -2.307965715488731e-05, 3.9474559672750265e-07], [-4.341532073420028e-06, 0.9999999801446592, -0.0001992280851242452, 4.9027310383593925e-06], [2.3078792657568297e-05, 0.00019922818527038185, 0.9999999798877482, -9.697134654015893e-05], [0.0, 0.0, 0.0, 1.0]], "body_yaw": -4.941696927862952e-06, "timestamp": 1773195418.948267}
{"roll": 0.0, "pitch": 0.0, "yaw": 0.0, "antennas": [0.0, 0.0], "left_joystick_active": false, "right_joystick_active": false, "robot_head_pose": [[0.9999999997242589, 4.3369340424339015e-06, -2.307965715488731e-05, 3.9474559672750265e-07], [-4.341532073420028e-06, 0.9999999801446592, -0.0001992280851242452, 4.9027310383593925e-06], [2.3078792657568297e-05, 0.00019922818527038185, 0.9999999798877482, -9.697134654015893e-05], [0.0, 0.0, 0.0, 1.0]], "body_yaw": -4.941696927862952e-06, "timestamp": 1773195418.9668741}
{"roll": 0.0, "pitch": 0.0, "yaw": 0.0, "antennas": [0.0, 0.0], "left_joystick_active": false, "right_joystick_active": false, "robot_head_pose": [[0.9999999997549877, 4.22772356358074e-06, -2.1728958450595626e-05, 3.325282775384908e-07], [-4.232069991401305e-06, 0.999999979984418, -0.00020003312233698192, 4.943450689604001e-06], [2.1728112330933112e-05, 0.00020003321424644466, 0.9999999797572993, -9.697633721000853e-05], [0.0, 0.0, 0.0, 1.0]], "body_yaw": -4.870734234317952e-06, "timestamp": 1773195418.981728}
{"roll": 0.0, "pitch": 0.0, "yaw": 0.0, "antennas": [0.0, 0.0], "left_joystick_active": false, "right_joystick_active": false, "robot_head_pose": [[0.9999999997549877, 4.22772356358074e-06, -2.1728958450595626e-05, 3.325282775384908e-07], [-4.232069991401305e-06, 0.999999979984418, -0.00020003312233698192, 4.943450689604001e-06], [2.1728112330933112e-05, 0.00020003321424644466, 0.9999999797572993, -9.697633721000853e-05], [0.0, 0.0, 0.0, 1.0]], "body_yaw": -4.870734234317952e-06, "timestamp": 1773195418.998782}
{"roll": 0.0, "pitch": 0.0, "yaw": 0.0, "antennas": [0.0, 0.0], "left_joystick_active": false, "right_joystick_active": false, "robot_head_pose": [[0.9999999997690655, 4.173640039358523e-06, -2.1081931020086045e-05, 3.027321246219794e-07], [-4.1778652141348295e-06, 0.9999999799070213, -0.00020042080909609317, 4.9630621077045856e-06], [2.108109411217371e-05, 0.00020042089712727555, 0.9999999796935245, -9.697873187572426e-05], [0.0, 0.0, 0.0, 1.0]], "body_yaw": -4.80144733239369e-06, "timestamp": 1773195419.015347}
{"roll": 0.0, "pitch": 0.0, "yaw": 0.0, "antennas": [0.0, 0.0], "left_joystick_active": false, "right_joystick_active": false, "robot_head_pose": [[0.9999999997690655, 4.173640039358523e-06, -2.1081931020086045e-05, 3.027321246219794e-07], [-4.1778652141348295e-06, 0.9999999799070213, -0.00020042080909609317, 4.9630621077045856e-06], [2.108109411217371e-05, 0.00020042089712727555, 0.9999999796935245, -9.697873187572426e-05], [0.0, 0.0, 0.0, 1.0]], "body_yaw": -4.80144733239369e-06, "timestamp": 1773195419.032056}
{"roll": 0.0, "pitch": 0.0, "yaw": 0.0, "antennas": [0.0, 0.0], "left_joystick_active": false, "right_joystick_active": false, "robot_head_pose": [[0.999999999782348, 4.119826001747136e-06, -2.0453088004216252e-05, 2.7377657142377276e-07], [-4.123932877165159e-06, 0.9999999798313958, -0.0002007989018936741, 4.982188957638328e-06], [2.0452260335168892e-05, 0.0002007989861971321, 0.9999999796307347, -9.69810614321609e-05], [0.0, 0.0, 0.0, 1.0]], "body_yaw": -4.7336958869582575e-06, "timestamp": 1773195419.050154}
{"roll": 0.0, "pitch": 0.0, "yaw": 0.0, "antennas": [0.0, 0.0], "left_joystick_active": false, "right_joystick_active": false, "robot_head_pose": [[0.999999999782348, 4.119826001747136e-06, -2.0453088004216252e-05, 2.7377657142377276e-07], [-4.123932877165159e-06, 0.9999999798313958, -0.0002007989018936741, 4.982188957638328e-06], [2.0452260335168892e-05, 0.0002007989861971321, 0.9999999796307347, -9.69810614321609e-05], [0.0, 0.0, 0.0, 1.0]], "body_yaw": -4.7336958869582575e-06, "timestamp": 1773195419.0649128}
{"roll": 0.0, "pitch": 0.0, "yaw": 0.0, "antennas": [0.0, 0.0], "left_joystick_active": false, "right_joystick_active": false, "robot_head_pose": [[0.999999999782348, 4.119826001747136e-06, -2.0453088004216252e-05, 2.7377657142377276e-07], [-4.123932877165159e-06, 0.9999999798313958, -0.0002007989018936741, 4.982188957638328e-06], [2.0452260335168892e-05, 0.0002007989861971321, 0.9999999796307347, -9.69810614321609e-05], [0.0, 0.0, 0.0, 1.0]], "body_yaw": -4.7336958869582575e-06, "timestamp": 1773195419.079465}
{"roll": 0.0, "pitch": 0.0, "yaw": 0.0, "antennas": [0.0, 0.0], "left_joystick_active": false, "right_joystick_active": false, "robot_head_pose": [[0.999999999806705, 4.013590708401507e-06, -1.924795406026876e-05, 2.182981817637486e-07], [-4.0174696183397015e-06, 0.9999999796852787, -0.00020152742906954827, 5.019055288491003e-06], [1.924714482063511e-05, 0.0002015275063586644, 0.9999999795081068, -9.698553320303116e-05], [0.0, 0.0, 0.0, 1.0]], "body_yaw": -4.662073260171896e-06, "timestamp": 1773195419.09694}
{"roll": 0.0, "pitch": 0.0, "yaw": 0.0, "antennas": [0.0, 0.0], "left_joystick_active": false, "right_joystick_active": false, "robot_head_pose": [[0.999999999806705, 4.013590708401507e-06, -1.924795406026876e-05, 2.182981817637486e-07], [-4.0174696183397015e-06, 0.9999999796852787, -0.00020152742906954827, 5.019055288491003e-06], [1.924714482063511e-05, 0.0002015275063586644, 0.9999999795081068, -9.698553320303116e-05], [0.0, 0.0, 0.0, 1.0]], "body_yaw": -4.662073260171896e-06, "timestamp": 1773195419.113609}
{"roll": 0.0, "pitch": 0.0, "yaw": 0.0, "antennas": [0.0, 0.0], "left_joystick_active": false, "right_joystick_active": false, "robot_head_pose": [[0.9999999998178595, 3.960959679387592e-06, -1.867061930479947e-05, 1.9172624831156893e-07], [-3.964728789451375e-06, 0.9999999796147467, -0.00020187815011806724, 5.036801421325066e-06], [1.8669819292981392e-05, 0.00020187822410523888, 0.9999999794483103, -9.698767861240909e-05], [0.0, 0.0, 0.0, 1.0]], "body_yaw": -4.59233881316998e-06, "timestamp": 1773195419.130218}
{"roll": 0.0, "pitch": 0.0, "yaw": 0.0, "antennas": [0.0, 0.0], "left_joystick_active": false, "right_joystick_active": false, "robot_head_pose": [[0.9999999998283822, 3.908906402431362e-06, -1.8109542808594953e-05, 1.6590592215315336e-07], [-3.912568440084328e-06, 0.9999999795458232, -0.00020222028649034214, 5.0541201614337505e-06], [1.8108751978006607e-05, 0.00020222035731046323, 0.9999999793894996, -9.698976588107255e-05], [0.0, 0.0, 0.0, 1.0]], "body_yaw": -4.524361775926565e-06, "timestamp": 1773195419.149489}
{"roll": 0.0, "pitch": 0.0, "yaw": 0.0, "antennas": [0.0, 0.0], "left_joystick_active": false, "right_joystick_active": false, "robot_head_pose": [[0.9999999998283822, 3.908906402431362e-06, -1.8109542808594953e-05, 1.6590592215315336e-07], [-3.912568440084328e-06, 0.9999999795458232, -0.00020222028649034214, 5.0541201614337505e-06], [1.8108751978006607e-05, 0.00020222035731046323, 0.9999999793894996, -9.698976588107255e-05], [0.0, 0.0, 0.0, 1.0]], "body_yaw": -4.524361775926565e-06, "timestamp": 1773195419.164125}
{"roll": 0.0, "pitch": 0.0, "yaw": 0.0, "antennas": [0.0, 0.0], "left_joystick_active": false, "right_joystick_active": false, "robot_head_pose": [[0.9999999998283822, 3.908906402431362e-06, -1.8109542808594953e-05, 1.6590592215315336e-07], [-3.912568440084328e-06, 0.9999999795458232, -0.00020222028649034214, 5.0541201614337505e-06], [1.8108751978006607e-05, 0.00020222035731046323, 0.9999999793894996, -9.698976588107255e-05], [0.0, 0.0, 0.0, 1.0]], "body_yaw": -4.524361775926565e-06, "timestamp": 1773195419.179656}
{"roll": 0.0, "pitch": 0.0, "yaw": 0.0, "antennas": [0.0, 0.0], "left_joystick_active": false, "right_joystick_active": false, "robot_head_pose": [[0.9999999998476697, 3.806683862757708e-06, -1.7034346360927515e-05, 1.1643618051671023e-07], [-3.8101397072679346e-06, 0.9999999794126638, -0.00020287965420469068, 5.087518483437581e-06], [1.703357371152996e-05, 0.0002028797190770255, 0.9999999792748379, -9.699377238947537e-05], [0.0, 0.0, 0.0, 1.0]], "body_yaw": -4.452939569116898e-06, "timestamp": 1773195419.196159}
{"roll": 0.0, "pitch": 0.0, "yaw": 0.0, "antennas": [0.0, 0.0], "left_joystick_active": false, "right_joystick_active": false, "robot_head_pose": [[0.9999999998476697, 3.806683862757708e-06, -1.7034346360927515e-05, 1.1643618051671023e-07], [-3.8101397072679346e-06, 0.9999999794126638, -0.00020287965420469068, 5.087518483437581e-06], [1.703357371152996e-05, 0.0002028797190770255, 0.9999999792748379, -9.699377238947537e-05], [0.0, 0.0, 0.0, 1.0]], "body_yaw": -4.452939569116898e-06, "timestamp": 1773195419.2138062}
{"roll": 0.0, "pitch": 0.0, "yaw": 0.0, "antennas": [0.0, 0.0], "left_joystick_active": false, "right_joystick_active": false, "robot_head_pose": [[0.999999999856502, 3.75626628628075e-06, -1.6519229503742446e-05, 9.2742396873291e-08], [-3.759622868172657e-06, 0.9999999793484083, -0.0002031970634299352, 5.103594435087316e-06], [1.6518465900315245e-05, 0.00020319712550685, 0.9999999792190332, -9.699569498286542e-05], [0.0, 0.0, 0.0, 1.0]], "body_yaw": -4.383607899074652e-06, "timestamp": 1773195419.233141}
{"roll": 0.0, "pitch": 0.0, "yaw": 0.0, "antennas": [0.0, 0.0], "left_joystick_active": false, "right_joystick_active": false, "robot_head_pose": [[0.999999999856502, 3.75626628628075e-06, -1.6519229503742446e-05, 9.2742396873291e-08], [-3.759622868172657e-06, 0.9999999793484083, -0.0002031970634299352, 5.103594435087316e-06], [1.6518465900315245e-05, 0.00020319712550685, 0.9999999792190332, -9.699569498286542e-05], [0.0, 0.0, 0.0, 1.0]], "body_yaw": -4.383607899074652e-06, "timestamp": 1773195419.247324}
{"roll": 0.0, "pitch": 0.0, "yaw": 0.0, "antennas": [0.0, 0.0], "left_joystick_active": false, "right_joystick_active": false, "robot_head_pose": [[0.9999999998648339, 3.7062176471361507e-06, -1.601855129667212e-05, 6.97151397027751e-08], [-3.7094774506800353e-06, 0.9999999792856644, -0.00020350653151774851, 5.1192668206745395e-06], [1.601779672536007e-05, 0.00020350659091069638, 0.9999999791642475, -9.699756531292292e-05], [0.0, 0.0, 0.0, 1.0]], "body_yaw": -4.316194854283629e-06, "timestamp": 1773195419.264601}
{"roll": 0.0, "pitch": 0.0, "yaw": 0.0, "antennas": [0.0, 0.0], "left_joystick_active": false, "right_joystick_active": false, "robot_head_pose": [[0.9999999998648339, 3.7062176471361507e-06, -1.601855129667212e-05, 6.97151397027751e-08], [-3.7094774506800353e-06, 0.9999999792856644, -0.00020350653151774851, 5.1192668206745395e-06], [1.601779672536007e-05, 0.00020350659091069638, 0.9999999791642475, -9.699756531292292e-05], [0.0, 0.0, 0.0, 1.0]], "body_yaw": -4.316194854283629e-06, "timestamp": 1773195419.292421}
{"roll": 0.0, "pitch": 0.0, "yaw": 0.0, "antennas": [0.0, 0.0], "left_joystick_active": false, "right_joystick_active": false, "robot_head_pose": [[0.9999999998801048, 3.6077933040301923e-06, -1.50589381995165e-05, 2.559111750635723e-08], [-3.6108667981413085e-06, 0.999999979164538, -0.00020410262712473463, 5.14946113407827e-06], [1.505820152566511e-05, 0.00020410268147608396, 0.9999999790576715, -9.700115577399027e-05], [0.0, 0.0, 0.0, 1.0]], "body_yaw": -4.24566204871112e-06, "timestamp": 1773195419.2952478}
{"roll": 0.0, "pitch": 0.0, "yaw": 0.0, "antennas": [0.0, 0.0], "left_joystick_active": false, "right_joystick_active": false, "robot_head_pose": [[0.999999999887097, 3.559197060933258e-06, -1.459916571149518e-05, 4.454864959563265e-09], [-3.56218090273583e-06, 0.999999979106126, -0.00020438947161593947, 5.1639866052062555e-06], [1.4598437944055406e-05, 0.00020438952359773285, 0.9999999790059027, -9.700287842290267e-05], [0.0, 0.0, 0.0, 1.0]], "body_yaw": -4.177313934152302e-06, "timestamp": 1773195419.3360991}
{"roll": 0.0, "pitch": 0.0, "yaw": 0.0, "antennas": [0.0, 0.0], "left_joystick_active": false, "right_joystick_active": false, "robot_head_pose": [[0.999999999887097, 3.559197060933258e-06, -1.459916571149518e-05, 4.454864959563265e-09], [-3.56218090273583e-06, 0.999999979106126, -0.00020438947161593947, 5.1639866052062555e-06], [1.4598437944055406e-05, 0.00020438952359773285, 0.9999999790059027, -9.700287842290267e-05], [0.0, 0.0, 0.0, 1.0]], "body_yaw": -4.177313934152302e-06, "timestamp": 1773195419.338392}
{"roll": 0.0, "pitch": 0.0, "yaw": 0.0, "antennas": [0.0, 0.0], "left_joystick_active": false, "right_joystick_active": false, "robot_head_pose": [[0.9999999998999073, 3.4640132184560676e-06, -1.371803383496253e-05, -3.6043935058849286e-08], [-3.4668245490946047e-06, 0.9999999789933515, -0.00020494212892786703, 5.191989221407789e-06], [1.3717323624549e-05, 0.00020494217646537042, 0.9999999789052686, -9.70061850894266e-05], [0.0, 0.0, 0.0, 1.0]], "body_yaw": -4.106264995679844e-06, "timestamp": 1773195419.3771589}
{"roll": 0.0, "pitch": 0.0, "yaw": 0.0, "antennas": [0.0, 0.0], "left_joystick_active": false, "right_joystick_active": false, "robot_head_pose": [[0.9999999998999073, 3.4640132184560676e-06, -1.371803383496253e-05, -3.6043935058849286e-08], [-3.4668245490946047e-06, 0.9999999789933515, -0.00020494212892786703, 5.191989221407789e-06], [1.3717323624549e-05, 0.00020494217646537042, 0.9999999789052686, -9.70061850894266e-05], [0.0, 0.0, 0.0, 1.0]], "body_yaw": -4.106264995679844e-06, "timestamp": 1773195419.377334}
{"roll": 0.0, "pitch": 0.0, "yaw": 0.0, "antennas": [0.0, 0.0], "left_joystick_active": false, "right_joystick_active": false, "robot_head_pose": [[0.9999999998999073, 3.4640132184560676e-06, -1.371803383496253e-05, -3.6043935058849286e-08], [-3.4668245490946047e-06, 0.9999999789933515, -0.00020494212892786703, 5.191989221407789e-06], [1.3717323624549e-05, 0.00020494217646537042, 0.9999999789052686, -9.70061850894266e-05], [0.0, 0.0, 0.0, 1.0]], "body_yaw": -4.106264995679844e-06, "timestamp": 1773195419.385105}
{"roll": 0.0, "pitch": 0.0, "yaw": 0.0, "antennas": [0.0, 0.0], "left_joystick_active": false, "right_joystick_active": false, "robot_head_pose": [[0.9999999998999073, 3.4640132184560676e-06, -1.371803383496253e-05, -3.6043935058849286e-08], [-3.4668245490946047e-06, 0.9999999789933515, -0.00020494212892786703, 5.191989221407789e-06], [1.3717323624549e-05, 0.00020494217646537042, 0.9999999789052686, -9.70061850894266e-05], [0.0, 0.0, 0.0, 1.0]], "body_yaw": -4.106264995679844e-06, "timestamp": 1773195419.395073}
{"roll": 0.0, "pitch": 0.0, "yaw": 0.0, "antennas": [0.0, 0.0], "left_joystick_active": false, "right_joystick_active": false, "robot_head_pose": [[0.9999999999057702, 3.4172352134627204e-06, -1.3295852750841412e-05, -5.544257436485012e-08], [-3.419963558400443e-06, 0.9999999789389696, -0.00020520809286049852, 5.205463310155312e-06], [1.329515122649606e-05, 0.00020520813831249394, 0.9999999788564279, -9.700777195606469e-05], [0.0, 0.0, 0.0, 1.0]], "body_yaw": -4.037634851982797e-06, "timestamp": 1773195419.4142}
{"roll": 0.0, "pitch": 0.0, "yaw": 0.0, "antennas": [0.0, 0.0], "left_joystick_active": false, "right_joystick_active": false, "robot_head_pose": [[0.9999999999057702, 3.4172352134627204e-06, -1.3295852750841412e-05, -5.544257436485012e-08], [-3.419963558400443e-06, 0.9999999789389696, -0.00020520809286049852, 5.205463310155312e-06], [1.329515122649606e-05, 0.00020520813831249394, 0.9999999788564279, -9.700777195606469e-05], [0.0, 0.0, 0.0, 1.0]], "body_yaw": -4.037634851982797e-06, "timestamp": 1773195419.428401}
{"roll": 0.0, "pitch": 0.0, "yaw": 0.0, "antennas": [0.0, 0.0], "left_joystick_active": false, "right_joystick_active": false, "robot_head_pose": [[0.9999999999113007, 3.370899929953324e-06, -1.2885483212866538e-05, -7.429671846498342e-08], [-3.3735474051788712e-06, 0.9999999788858933, -0.00020546735082573343, 5.2185959697435835e-06], [1.2884790330922562e-05, 0.00020546739427729707, 0.9999999788085658, -9.700931567782622e-05], [0.0, 0.0, 0.0, 1.0]], "body_yaw": -3.971226107331048e-06, "timestamp": 1773195419.4451041}
{"roll": 0.0, "pitch": 0.0, "yaw": 0.0, "antennas": [0.0, 0.0], "left_joystick_active": false, "right_joystick_active": false, "robot_head_pose": [[0.9999999999113007, 3.370899929953324e-06, -1.2885483212866538e-05, -7.429671846498342e-08], [-3.3735474051788712e-06, 0.9999999788858933, -0.00020546735082573343, 5.2185959697435835e-06], [1.2884790330922562e-05, 0.00020546739427729707, 0.9999999788085658, -9.700931567782622e-05], [0.0, 0.0, 0.0, 1.0]], "body_yaw": -3.971226107331048e-06, "timestamp": 1773195419.4617448}
{"roll": 0.0, "pitch": 0.0, "yaw": 0.0, "antennas": [0.0, 0.0], "left_joystick_active": false, "right_joystick_active": false, "robot_head_pose": [[0.9999999999165116, 3.3252521385058065e-06, -1.2486641833484134e-05, -9.261885156736094e-08], [-3.3278208228888527e-06, 0.99999997883406, -0.0002057202025616276, 5.2314092833620485e-06], [1.2485957497649142e-05, 0.0002057202440977594, 0.999999978761639, -9.701081763088815e-05], [0.0, 0.0, 0.0, 1.0]], "body_yaw": -3.906885578913383e-06, "timestamp": 1773195419.479021}
{"roll": 0.0, "pitch": 0.0, "yaw": 0.0, "antennas": [0.0, 0.0], "left_joystick_active": false, "right_joystick_active": false, "robot_head_pose": [[0.9999999999165116, 3.3252521385058065e-06, -1.2486641833484134e-05, -9.261885156736094e-08], [-3.3278208228888527e-06, 0.99999997883406, -0.0002057202025616276, 5.2314092833620485e-06], [1.2485957497649142e-05, 0.0002057202440977594, 0.999999978761639, -9.701081763088815e-05], [0.0, 0.0, 0.0, 1.0]], "body_yaw": -3.906885578913383e-06, "timestamp": 1773195419.496481}
{"roll": 0.0, "pitch": 0.0, "yaw": 0.0, "antennas": [0.0, 0.0], "left_joystick_active": false, "right_joystick_active": false, "robot_head_pose": [[0.9999999999260578, 3.2360663139310835e-06, -1.1722248402398547e-05, -1.277267782581748e-07], [-3.2384834585826904e-06, 0.9999999787340295, -0.00020620730317765204, 5.256107853852943e-06], [1.1721580852606065e-05, 0.0002062073411247123, 0.9999999786705678, -9.701370079132077e-05], [0.0, 0.0, 0.0, 1.0]], "body_yaw": -3.840045366903128e-06, "timestamp": 1773195419.5119932}
{"roll": 0.0, "pitch": 0.0, "yaw": 0.0, "antennas": [0.0, 0.0], "left_joystick_active": false, "right_joystick_active": false, "robot_head_pose": [[0.9999999999260578, 3.2360663139310835e-06, -1.1722248402398547e-05, -1.277267782581748e-07], [-3.2384834585826904e-06, 0.9999999787340295, -0.00020620730317765204, 5.256107853852943e-06], [1.1721580852606065e-05, 0.0002062073411247123, 0.9999999786705678, -9.701370079132077e-05], [0.0, 0.0, 0.0, 1.0]], "body_yaw": -3.840045366903128e-06, "timestamp": 1773195419.532377}
{"roll": 0.0, "pitch": 0.0, "yaw": 0.0, "antennas": [0.0, 0.0], "left_joystick_active": false, "right_joystick_active": false, "robot_head_pose": [[0.9999999999304264, 3.192275081708108e-06, -1.1355964581766297e-05, -1.445447023809554e-07], [-3.194619357912173e-06, 0.999999978685821, -0.00020644164620681866, 5.267986196731689e-06], [1.1355305321200213e-05, 0.00020644168247043989, 0.9999999786264447, -9.701508447276797e-05], [0.0, 0.0, 0.0, 1.0]], "body_yaw": -3.775502766025172e-06, "timestamp": 1773195419.548769}
{"roll": 0.0, "pitch": 0.0, "yaw": 0.0, "antennas": [0.0, 0.0], "left_joystick_active": false, "right_joystick_active": false, "robot_head_pose": [[0.9999999999304264, 3.192275081708108e-06, -1.1355964581766297e-05, -1.445447023809554e-07], [-3.194619357912173e-06, 0.999999978685821, -0.00020644164620681866, 5.267986196731689e-06], [1.1355305321200213e-05, 0.00020644168247043989, 0.9999999786264447, -9.701508447276797e-05], [0.0, 0.0, 0.0, 1.0]], "body_yaw": -3.775502766025172e-06, "timestamp": 1773195419.567734}
{"roll": 0.0, "pitch": 0.0, "yaw": 0.0, "antennas": [0.0, 0.0], "left_joystick_active": false, "right_joystick_active": false, "robot_head_pose": [[0.9999999999345427, 3.148920730562989e-06, -1.099990597235777e-05, -1.6089163047683375e-07], [-3.151194014428172e-06, 0.9999999786387831, -0.00020667003239899196, 5.279559636802572e-06], [1.099925494983699e-05, 0.00020667006704830186, 0.9999999785832491, -9.70164305386656e-05], [0.0, 0.0, 0.0, 1.0]], "body_yaw": -3.713071890885056e-06, "timestamp": 1773195419.5820239}
{"roll": 0.0, "pitch": 0.0, "yaw": 0.0, "antennas": [0.0, 0.0], "left_joystick_active": false, "right_joystick_active": false, "robot_head_pose": [[0.9999999999345427, 3.148920730562989e-06, -1.099990597235777e-05, -1.6089163047683375e-07], [-3.151194014428172e-06, 0.9999999786387831, -0.00020667003239899196, 5.279559636802572e-06], [1.099925494983699e-05, 0.00020667006704830186, 0.9999999785832491, -9.70164305386656e-05], [0.0, 0.0, 0.0, 1.0]], "body_yaw": -3.713071890885056e-06, "timestamp": 1773195419.5956008}
{"roll": 0.0, "pitch": 0.0, "yaw": 0.0, "antennas": [0.0, 0.0], "left_joystick_active": false, "right_joystick_active": false, "robot_head_pose": [[0.9999999999345427, 3.148920730562989e-06, -1.099990597235777e-05, -1.6089163047683375e-07], [-3.151194014428172e-06, 0.9999999786387831, -0.00020667003239899196, 5.279559636802572e-06], [1.099925494983699e-05, 0.00020667006704830186, 0.9999999785832491, -9.70164305386656e-05], [0.0, 0.0, 0.0, 1.0]], "body_yaw": -3.713071890885056e-06, "timestamp": 1773195419.612638}
{"roll": 0.0, "pitch": 0.0, "yaw": 0.0, "antennas": [0.0, 0.0], "left_joystick_active": false, "right_joystick_active": false, "robot_head_pose": [[0.9999999999420787, 3.0642399937756606e-06, -1.0317463557539501e-05, -1.9221694180435178e-07], [-3.0663767771168485e-06, 0.9999999785480403, -0.0002071099050279258, 5.3018610997532245e-06], [1.0316828701755612e-05, 0.00020710993665316068, 0.9999999784995167, -9.701901446662609e-05], [0.0, 0.0, 0.0, 1.0]], "body_yaw": -3.648402379525035e-06, "timestamp": 1773195419.628957}
{"roll": 0.0, "pitch": 0.0, "yaw": 0.0, "antennas": [0.0, 0.0], "left_joystick_active": false, "right_joystick_active": false, "robot_head_pose": [[0.9999999999420787, 3.0642399937756606e-06, -1.0317463557539501e-05, -1.9221694180435178e-07], [-3.0663767771168485e-06, 0.9999999785480403, -0.0002071099050279258, 5.3018610997532245e-06], [1.0316828701755612e-05, 0.00020710993665316068, 0.9999999784995167, -9.701901446662609e-05], [0.0, 0.0, 0.0, 1.0]], "body_yaw": -3.648402379525035e-06, "timestamp": 1773195419.646415}
{"roll": 0.0, "pitch": 0.0, "yaw": 0.0, "antennas": [0.0, 0.0], "left_joystick_active": false, "right_joystick_active": false, "robot_head_pose": [[0.9999999999455274, 3.022716741681237e-06, -9.990429233714912e-06, -2.0722367887957005e-07], [-3.02478790751431e-06, 0.9999999785043256, -0.0002073214869136075, 5.3125839722320545e-06], [9.989802344834497e-06, 0.00020732151712124364, 0.9999999784589959, -9.702025458033225e-05], [0.0, 0.0, 0.0, 1.0]], "body_yaw": -3.586040932339517e-06, "timestamp": 1773195419.663532}
{"roll": 0.0, "pitch": 0.0, "yaw": 0.0, "antennas": [0.0, 0.0], "left_joystick_active": false, "right_joystick_active": false, "robot_head_pose": [[0.9999999999455274, 3.022716741681237e-06, -9.990429233714912e-06, -2.0722367887957005e-07], [-3.02478790751431e-06, 0.9999999785043256, -0.0002073214869136075, 5.3125839722320545e-06], [9.989802344834497e-06, 0.00020732151712124364, 0.9999999784589959, -9.702025458033225e-05], [0.0, 0.0, 0.0, 1.0]], "body_yaw": -3.586040932339517e-06, "timestamp": 1773195419.6785111}
{"roll": 0.0, "pitch": 0.0, "yaw": 0.0, "antennas": [0.0, 0.0], "left_joystick_active": false, "right_joystick_active": false, "robot_head_pose": [[0.9999999999487745, 2.981644454895841e-06, -9.672513171304404e-06, -2.2181073643101623e-07], [-2.983651704899285e-06, 0.9999999784616811, -0.00020752766469928207, 5.3230299574894e-06], [9.67189418926406e-06, 0.0002075276935480621, 0.9999999784193534, -9.702146097703701e-05], [0.0, 0.0, 0.0, 1.0]], "body_yaw": -3.5258020096098923e-06, "timestamp": 1773195419.6940742}
{"roll": 0.0, "pitch": 0.0, "yaw": 0.0, "antennas": [0.0, 0.0], "left_joystick_active": false, "right_joystick_active": false, "robot_head_pose": [[0.9999999999487745, 2.981644454895841e-06, -9.672513171304404e-06, -2.2181073643101623e-07], [-2.983651704899285e-06, 0.9999999784616811, -0.00020752766469928207, 5.3230299574894e-06], [9.67189418926406e-06, 0.0002075276935480621, 0.9999999784193534, -9.702146097703701e-05], [0.0, 0.0, 0.0, 1.0]], "body_yaw": -3.5258020096098923e-06, "timestamp": 1773195419.711788}
{"roll": 0.0, "pitch": 0.0, "yaw": 0.0, "antennas": [0.0, 0.0], "left_joystick_active": false, "right_joystick_active": false, "robot_head_pose": [[0.9999999999547208, 2.90153915999616e-06, -9.063155625730965e-06, -2.497646981319823e-07], [-2.9034235514503573e-06, 0.9999999783794417, -0.0002079247155680831, 5.343156753937622e-06], [9.062552128075924e-06, 0.00020792474187284778, 0.9999999783425862, -9.702377682077601e-05], [0.0, 0.0, 0.0, 1.0]], "body_yaw": -3.4635641638062694e-06, "timestamp": 1773195419.749772}
